2I 480999  226545805 110053161 116492644  94924338  99788225  12612349  14071065    702228    718172   1814246   1915182   7279831   7328842  88034515  92871861  12351400  13790283    654876    670787   1732539   1830871
2I 480  0    3533692   1806338   1727354   1484917   1410291    269753    266588     16520     16339     35148     34136    187087    180958   1308369   1239589    262741    259777     15005     14854     33136     32176
2I 480  1    3269557   1674095   1595462   1378588   1305403    247650    243915     15365     14562     32492     31582    168208    160008   1219741   1154428    241485    237898     13993     13260     30668     29868
2I 480  2    3223816   1648044   1575772   1358331   1290771    242918    239280     14626     14347     32169     31374    165699    159251   1201799   1140368    236917    233426     13267     13054     30362     29673
2I 480  3    3179441   1625693   1553748   1338812   1272167    239843    235242     14782     14146     32256     32193    165061    159005   1182676   1121777    233931    229493     13488     12909     30537     30564
2I 480  4    3141748   1607839   1533909   1321207   1253457    239431    234578     14510     14078     32691     31796    161988    155908   1167815   1105666    233675    229301     13291     12852     31070     30182
2I 480  5    3162691   1618300   1544391   1332956   1264996    238138    233704     14220     13858     32986     31833    158585    152671   1182834   1120130    232508    228497     13094     12806     31279     30287
2I 480  6    3109095   1589501   1519594   1305093   1240250    237650    233696     14167     13940     32591     31708    152065    147134   1161138   1100953    232353    228526     13049     12860     30896     30121
2I 480  7    3273052   1672647   1600405   1370995   1304479    253067    248901     14889     14428     33696     32597    156284    149208   1223094   1163396    247620    243529     13723     13313     31926     30959
2I 480  8    3394998   1735956   1659042   1431140   1359408    256884    253370     14854     14442     33078     31822    153284    148014   1286017   1219250    251635    248252     13697     13333     31323     30193
2I 480  9    3760120   1922676   1837444   1593387   1513876    278937    274863     16052     15797     34300     32908    162737    157199   1439568   1365220    273082    269229     14835     14619     32454     31177
2I 480 10    3716530   1901610   1814920   1579700   1500311    272528    267543     15826     15498     33556     31568    157277    152547   1431011   1356081    266872    262069     14616     14312     31834     29911
2I 480 11    3580644   1828934   1751710   1521883   1450132    260574    256664     15390     15070     31087     29844    148068    144304   1381908   1313841    255107    251273     14307     13976     29544     28316
2I 480 12    3518982   1796333   1722649   1490256   1418835    260825    260309     15404     14893     29848     28612    144506    141128   1353788   1285790    255393    254783     14329     13827     28317     27121
2I 480 13    3643189   1856566   1786623   1539405   1473986    271759    269337     15748     15641     29654     27659    146028    143527   1401770   1338775    266059    263617     14637     14558     28072     26146
2I 480 14    3782784   1932778   1850006   1598524   1521758    287580    284026     16620     15902     30054     28320    151096    146517   1456059   1383759    281687    278122     15491     14812     28445     26796
2I 480 15    4059898   2069726   1990172   1720248   1646071    301250    297900     17609     17248     30619     28953    157826    153451   1571399   1501570    294930    291689     16485     16093     29086     27369
2I 480 16    4180875   2135125   2045750   1781169   1699930    304849    299744     17646     17039     31461     29037    162034    154708   1628340   1554134    298436    293512     16465     15909     29850     27487
2I 480 17    4223848   2160114   2063734   1806129   1718026    304762    299651     17579     16700     31644     29357    167678    156907   1647577   1570010    298403    293551     16409     15523     30047     27743
2I 480 18    4251779   2153292   2098487   1810391   1752831    294099    299618     16506     16276     32296     29762    166356    153266   1653313   1608461    287637    293429     15315     15135     30671     28196
2I 480 19    4451724   2237152   2214572   1890391   1855806    295318    309578     16862     16750     34581     32438    172831    161271   1726950   1703880    288798    303160     15648     15516     32925     30745
2I 480 20    4387100   2200363   2186737   1864964   1834380    284192    303106     16516     16100     34691     33151    171800    158489   1702653   1684960    277707    296807     15300     15029     32903     31452
2I 480 21    4285763   2144501   2141262   1826949   1801816    267735    290941     15261     15148     34556     33357    164352    152587   1671473   1657980    261546    284849     14173     14120     32957     31726
2I 480 22    4284351   2144967   2139384   1833547   1804917    262047    285538     14434     13902     34939     35027    164554    153748   1677726   1660035    256188    279482     13270     12815     33229     33304
2I 480 23    4199711   2096561   2103150   1795865   1773189    252151    279721     14192     14274     34353     35966    160162    151761   1644329   1630125    246199    273804     13109     13199     32762     34261
2I 480 24    4161779   2076839   2084940   1780466   1755562    247029    276928     14425     14902     34919     37548    158321    150089   1630690   1614077    241222    271131     13316     13816     33290     35827
2I 480 25    4116218   2052580   2063638   1763810   1740958    238891    268898     12428     12432     37451     41350    154003    146413   1618089   1602816    233338    263477     11470     11529     35680     39403
2I 480 26    3977515   1978833   1998682   1705925   1691104    224035    253525     12177     12495     36696     41558    144179    139352   1569142   1560027    219186    248196     11283     11562     35043     39545
2I 480 27    3931620   1951928   1979692   1684934   1676063    216711    247622     12529     12947     37754     43060    139130    136510   1553159   1547692    212002    242431     11600     12013     36037     41046
2I 480 28    3708968   1840454   1868514   1590625   1582103    202320    233547     11838     12220     35671     40644    127518    125980   1469939   1463454    197908    228767     10988     11412     34101     38901
2I 480 29    3786598   1881312   1905286   1617726   1604517    213068    243324     12587     13279     37931     44166    132541    130288   1492178   1481941    208458    238386     11750     12400     36385     42271
2I 480 30    3726525   1846502   1880023   1589769   1584696    205158    235782     11592     12237     39983     47308    126027    126441   1470335   1465711    200887    231039     10868     11483     38385     45349
2I 480 31    3607610   1781174   1826436   1544918   1551320    187078    218371     11052     11661     38126     45084    115836    117877   1435229   1440456    183207    213956     10343     10939     36559     43208
2I 480 32    3712217   1833056   1879161   1606069   1614810    179073    209437     10768     11285     37146     43629    113450    116423   1498435   1505043    175432    205251     10090     10599     35649     41845
2I 480 33    3653921   1804683   1849238   1595702   1604927    163464    192480     10230     10652     35287     41179    106636    110154   1494606   1501209    160117    188579      9547      9947     33777     39349
2I 480 34    2860647   1411381   1449266   1228596   1236170    143783    169414      8765      8977     30237     34705     96222     99479   1137470   1142524    140558    165634      8182      8406     28949     33223
2I 480 35    2902331   1430252   1472079   1247692   1258242    143647    170285      8885      9633     30028     33919     93191     95928   1159392   1167978    140537    166679      8351      9063     28781     32431
2I 480 36    2929040   1439277   1489763   1265446   1284641    136249    163934      8580      9111     29002     32077     86270     92003   1183647   1198152    133389    160346      8097      8578     27874     30684
2I 480 37    2982533   1464708   1517825   1290626   1313700    138069    165246      8222      8600     27791     30279     82916     88986   1211911   1229903    135405    161771      7761      8125     26715     29040
2I 480 38    2598636   1272819   1325817   1116276   1139980    123009    150012      7656      7925     25878     27900     75947     80621   1044280   1064104    120446    146902      7240      7472     24906     26718
2I 480 39    2552762   1254453   1298309   1093891   1111369    126452    151775      7788      7779     26322     27386     77478     80878   1020563   1035203    123758    148621      7351      7348     25303     26259
2I 480 40    2468083   1209237   1258846   1051200   1073899    125175    150691      7568      7982     25294     26274     76263     80033    979108    998707    122376    147428      7189      7533     24301     25145
2I 480 41    2375849   1164333   1211516   1020112   1042994    113789    137419      7009      7247     23423     23856     69817     74658    954058    972775    111360    134374      6641      6851     22457     22858
2I 480 42    2325572   1139469   1186103    997464   1019488    112910    136581      6701      6998     22394     23036     68500     72660    932538    950987    110581    133707      6357      6633     21493     22116
2I 480 43    2237108   1091654   1145454    956788    986604    107299    129905      6349      6744     21218     22201     65058     70243    895215    920277    104959    127226      6033      6392     20389     21316
2I 480 44    2262796   1103517   1159279    965332    995978    111561    134804      6132      6640     20492     21857     65152     69887    903609    930087    109232    131954      5828      6314     19696     21037
2I 480 45    2242318   1093845   1148473    959878    990095    108599    130911      6199      6285     19169     21182     63973     67883    899205    925906    106304    128306      5893      5941     18470     20437
2I 480 46    2139385   1040326   1099059    914222    945861    102755    126420      5705      6127     17644     20651     59332     64016    857936    885530    100659    123764      5416      5802     16983     19947
2I 480 47    2222969   1077163   1145806    945365    986902    108721    131818      5638      6198     17439     20888     58949     64405    889568    926046    106513    129261      5351      5885     16782     20209
2I 480 48    2163709   1051506   1112203    935475    970654     95202    117045      5089      5607     15740     18897     57421     60214    880702    913423     93329    114888      4853      5346     15201     18332
2I 480 49    2321374   1125409   1195965   1000306   1044602    103407    125401      5301      5940     16395     20022     60465     64931    942724    983086    101367    122948      5045      5636     15808     19364
2I 480 50    2347068   1134304   1212764   1006798   1056476    106524    130774      5373      5783     15609     19731     59463     64668    950157    995222    104523    128305      5091      5486     15070     19083
2I 480 51    2295077   1105801   1189276    987622   1043057     98350    122280      5078      5426     14751     18513     55699     60360    934478    985986     96538    119869      4823      5150     14263     17911
2I 480 52    2363152   1136693   1226459   1015967   1077806    101223    125198      4995      5317     14508     18138     53795     57986    964758   1022913     99369    122933      4744      5057     14027     17570
2I 480 53    2337138   1119210   1217928   1001839   1072954     98755    122476      4768      5100     13848     17398     50927     56215    953382   1019793     96977    120259      4531      4837     13393     16824
2I 480 54    2367597   1124662   1242935   1003652   1093924    102404    127005      4765      4988     13841     17018     50186     55077    955881   1041842    100667    124860      4532      4721     13396     16435
2I 480 55    2390440   1130295   1260145   1012849   1116751     99054    122389      4648      5191     13744     15814     47946     53203    967253   1066349     97367    120340      4402      4949     13327     15304
2I 480 56    2329790   1102430   1227360    990264   1092019     94753    115507      4401      4902     13012     14932     46242     48981    946126   1045750     93230    113507      4186      4673     12646     14449
2I 480 57    2312737   1091620   1221117    977133   1083870     97029    118187      4412      4710     13046     14350     43985     47497    935267   1039076     95454    116224      4211      4472     12703     13848
2I 480 58    2330373   1099788   1230585    993264   1103480     90086    109407      4155      4374     12283     13324     41301     44850    953858   1061013     88694    107577      3969      4196     11966     12949
2I 480 59    2251914   1057730   1194184    954896   1069589     87583    107402      3855      4249     11396     12944     37719     42644    918994   1029306     86257    105661      3673      4050     11087     12523
2I 480 60    2160937   1009976   1150961    904340   1021995     91019    112399      3777      4125     10840     12442     36002     40572    870237    983840     89588    110580      3613      3946     10536     12023
2I 480 61    2073764    963777   1109987    870936    995766     80042     99332      3307      3708      9492     11181     30502     35948    842003    961846     78868     97801      3168      3559      9236     10833
2I 480 62    2008093    930934   1077159    844008    968554     74630     94386      3108      3494      9188     10725     28926     34152    816599    936342     73527     92937      2963      3347      8919     10381
2I 480 63    1931425    889124   1042301    807131    938031     70433     90858      2922      3295      8638     10117     25969     31658    782621    908253     69399     89464      2773      3150      8362      9776
2I 480 64    1913402    876081   1037321    794307    933258     70316     90685      2896      3287      8562     10091     25804     31436    769833    903568     69349     89363      2769      3160      8326      9794
2I 480 65    1904641    862271   1042370    777270    932550     73725     96641      2718      3534      8558      9645     25494     32003    753165    902493     72718     95183      2628      3392      8266      9299
2I 480 66    1813987    814405    999582    736398    897769     67418     89794      2553      3224      8036      8795     24235     30752    713452    868795     66552     88455      2454      3097      7712      8483
2I 480 67    1763637    784377    979260    705991    876536     67568     90974      2608      3151      8210      8599     23014     29741    684313    848521     66685     89668      2502      3029      7863      8301
2I 480 68    1678740    740110    938630    669854    847054     59978     81112      2478      2807      7800      7657     21762     27926    649396    820702     59157     79947      2365      2688      7430      7367
2I 480 69    1621476    701792    919684    627502    821272     63961     88171      2490      2747      7839      7494     21043     27713    607885    795031     63097     87057      2358      2643      7409      7240
2I 480 70    1516900    653456    863444    587589    777373     56472     77084      2043      2519      7352      6468     19170     24636    569551    754146     55817     75985      1963      2420      6955      6257
2I 480 71    1439723    612074    827649    554369    751928     49033     67322      1886      2354      6786      6045     17762     22941    537643    730177     48452     66434      1810      2258      6407      5839
2I 480 72    1371235    576737    794498    521881    721260     46680     65506      1779      2168      6397      5564     17101     21604    505768    700711     46127     64715      1706      2084      6035      5384
2I 480 73    1261994    520827    741167    472731    674269     40766     59647      1595      2033      5735      5218     15686     20195    457960    655041     40268     58890      1525      1966      5388      5075
2I 480 74    1208272    490453    717819    441479    650241     41873     60547      1545      1971      5556      5060     15035     19333    427294    631854     41382     59833      1485      1897      5257      4902
2I 480 75    1116769    447166    669603    403670    608207     37092     54867      1486      1778      4918      4751     13840     18216    390607    590788     36666     54268      1414      1704      4639      4627
2I 480 76    1034257    404089    630168    364504    572783     33761     51309      1351      1655      4473      4421     12795     16467    352412    557062     33351     50736      1291      1590      4240      4313
2I 480 77     955246    365273    589973    329502    536955     30520     47392      1218      1532      4033      4094     11612     14915    318536    522794     30132     46804      1165      1470      3828      3990
2I 480 78     879733    330715    549018    298658    500726     27372     43116      1087      1409      3598      3767     10275     13455    288923    487864     27073     42643      1038      1364      3406      3692
2I 480 79     807717    300418    507299    271976    464093     24315     38480       957      1287      3170      3439     10446     14369    262107    450400     23979     37943       908      1235      2978      3352
2I 480 80     723049    260833    462216    235391    422875     21903     35030       832      1075      2707      3236      7647     10280    228172    413032     21647     34690       797      1034      2570      3180
2I 480 81     640276    224125    416151    206100    387122     15156     25341       674       921      2195      2767      5989      8407    200408    379064     15000     25068       646       889      2082      2723
2I 480 82     566548    197006    369542    180948    343433     13807     22916       529       797      1722      2396      4981      7199    176174    336567     13684     22651       512       769      1655      2356
2I 480 83     527982    179355    348627    164769    324147     12658     21593       453       721      1475      2166      4574      6836    160458    317625     12491     21349       434       692      1398      2125
2I 480 84     477178    157908    319270    144692    296084     11584     20386       384       699      1248      2101      4190      6403    140720    289939     11446     20183       368       676      1184      2069
2I 480 85     419321    138280    281041    126038    259840     10804     18854       424       656      1014      1691      3767      5462    122474    254636     10666     18647       405       633       968      1663
2I 480 86     365270    117534    247736    107485    229079      8863     16582       351       582       835      1493      3205      4815    104446    224492      8749     16401       336       561       798      1467
2I 480 87     311305     97911    213394     89718    197539      7210     14091       291       495       692      1269      2672      4150     87181    193583      7117     13937       279       477       662      1247
2I 480 88     259275     79483    179792     72839    166615      5806     11721       248       409       590      1047      2170      3497     70779    163279      5731     11593       238       394       565      1029
2I 480 89     211461     63076    148385     57772    137600      4564      9605       219       331       521       849      1721      2887     56138    134845      4505      9500       211       319       501       834
2I 480 90     170350     49553    120797     45296    112015      3587      7828       198       268       472       686      1351      2351     44015    109772      3541      7742       191       258       455       674
2I 480 91     134404     38331     96073     34877     88979      2873      6327       172       215       409       552      1042      1869     33891     87197      2836      6258       167       207       395       542
2I 480 92     103690     28927     74763     26225     69131      2260      5035       131       168       311       429       786      1453     25483     67747      2231      4980       127       162       300       421
2I 480 93      78317     21224     57093     19192     52652      1738      3997        87       125       207       319       576      1109     18649     51598      1716      3953        84       120       199       313
2I 480 94      58138     15287     42851     13760     39400      1335      3132        57        90       135       229       414       831     13371     38611      1318      3098        55        86       129       225
2I 480 95      41990     10817     31173      9597     28533      1080      2413        41        64        99       163       291       604      9326     27962      1066      2387        39        61        95       159
2I 480 96      29480      7444     22036      6482     20034       859      1836        30        47        73       119       199       426      6299     19633       848      1816        29        45        69       116
2I 480 97      20179      4999     15180      4280     13682       657      1378        18        34        44        86       133       292      4159     13408       649      1363        17        33        41        84
2I 480 98      13592      3356     10236      2832      9114       484      1030        12        26        28        66        89       197      2752      8931       478      1019        11        25        26        64
2I 480 99       9291      2369      6922      1984      6068       363       775         7        22        15        57        62       133      1928      5946       358       767         7        21        14        55
2I 480100      14004      2934     11070      2221      9412       629      1560        25        28        59        70        75       209      2158      9224       621      1543        24        26        56        68
2I 780999  227224681 110398730 116825951  95168668 100015827  12653497  14117395    708339    724288   1868226   1968441   7421589   7447147  88148489  92991335  12385067  13830358    659823    675846   1783762   1881265
2I 780  0    3559857   1819959   1739898   1495264   1419273    271131    268501     16610     16402     36954     35722    185704    178588   1319816   1250664    264308    261856     15204     15031     34927     33759
2I 780  1    3315535   1697003   1618532   1397028   1323771    250498    247207     15605     14722     33872     32832    172061    164328   1234635   1168766    244131    241012     14188     13374     31988     31052
2I 780  2    3210169   1641032   1569137   1350584   1283788    242344    238321     14834     14502     33270     32526    165914    159130   1194007   1133656    236241    232390     13449     13181     31421     30780
2I 780  3    3238099   1656800   1581299   1363097   1293631    245634    240118     14871     14345     33198     33205    167290    161084   1204996   1141417    239575    234216     13533     13069     31406     31513
2I 780  4    3127524   1599421   1528103   1314151   1248033    237173    233479     14706     14128     33391     32463    164598    158325   1158411   1098115    231252    227990     13439     12865     31721     30808
2I 780  5    3179868   1627209   1552659   1338737   1270352    240763    236067     14239     13901     33470     32339    161300    155208   1186096   1123137    234976    230767     13082     12798     31755     30749
2I 780  6    3110507   1590999   1519508   1307600   1241525    236067    231679     14089     13844     33243     32460    154493    149462   1161402   1099978    230626    226448     12959     12762     31519     30858
2I 780  7    3247691   1660137   1587554   1359041   1292853    251527    247368     14893     14439     34676     32894    157928    151038   1209677   1150103    245961    241893     13702     13302     32869     31218
2I 780  8    3328772   1702308   1626464   1400210   1329071    253530    250322     14718     14300     33850     32771    153458    147641   1254990   1189378    248237    245151     13547     13175     32076     31119
2I 780  9    3735515   1910761   1824754   1579183   1499299    280091    275621     16115     15870     35372     33964    163706    158167   1424518   1349791    274198    269952     14865     14662     33474     32182
2I 780 10    3729085   1908606   1820479   1589421   1508969    269078    263566     16083     15708     34024     32236    161592    156347   1436755   1361201    263209    257926     14834     14493     32216     30512
2I 780 11    3604713   1840223   1764490   1526507   1456196    265305    261502     15492     15234     32919     31558    151038    147055   1383774   1317308    259725    256058     14370     14099     31316     29970
2I 780 12    3526994   1800779   1726215   1493625   1422085    260410    259328     15512     14959     31232     29843    146130    142461   1355621   1287798    254934    253772     14422     13873     29672     28311
2I 780 13    3626046   1848204   1777842   1532528   1466556    269239    267074     15748     15591     30689     28621    146800    144300   1394199   1330673    263498    261307     14625     14491     29082     27071
2I 780 14    3749497   1915400   1834097   1583052   1507325    284782    281741     16433     15824     31133     29207    151327    146883   1440459   1369058    278847    275785     15285     14721     29482     27650
2I 780 15    3998828   2038599   1960229   1690609   1618079    298854    295372     17539     17095     31597     29683    158241    153905   1541450   1473237    292497    289100     16400     15926     30011     28061
2I 780 16    4170006   2130433   2039573   1774678   1692448    305445    300070     17700     17153     32610     29902    162588    156002   1621455   1545546    298906    293707     16509     16008     30975     28310
2I 780 17    4224747   2161643   2063104   1805592   1716170    305325    299808     17793     16851     32933     30275    169182    158648   1645768   1566597    298820    293577     16595     15662     31278     28620
2I 780 18    4229835   2142172   2087663   1798095   1741799    293977    298813     16721     16339     33379     30712    167721    154993   1639799   1595860    287433    292544     15514     15180     31705     29086
2I 780 19    4487524   2256718   2230806   1905432   1868859    298140    311533     17079     16931     36067     33483    176146    163857   1739030   1714623    291382    304935     15824     15666     34336     31725
2I 780 20    4372101   2193229   2178872   1858832   1826376    282258    302347     16741     16315     35398     33834    176053    161989   1692578   1673801    275572    295851     15489     15182     33537     32049
2I 780 21    4297074   2151134   2145940   1828857   1803179    270879    292946     15544     15358     35854     34457    168469    155265   1669662   1656908    264448    286698     14410     14323     34145     32746
2I 780 22    4275458   2142121   2133337   1831764   1800216    260198    283529     14605     14103     35554     35489    168042    155646   1672754   1653671    254123    277315     13425     13008     33777     33697
2I 780 23    4272306   2133812   2138494   1827757   1802719    255950    283897     14106     14097     35999     37781    164846    154956   1671835   1656770    249841    277797     12989     13000     34301     35971
2I 780 24    4168766   2082048   2086718   1783284   1755730    248257    277610     14640     15076     35867     38302    162879    153319   1629311   1611361    242195    271583     13496     13950     34167     36505
2I 780 25    4132980   2062276   2070704   1770533   1745425    240689    270074     12868     13015     38186     42190    159115    150111   1620122   1603896    234848    264449     11850     12056     36341     40192
2I 780 26    4019418   2000848   2018570   1723727   1705169    227049    257872     12012     12287     38060     43242    149027    142448   1582464   1571179    221924    252421     11105     11358     36328     41164
2I 780 27    3951351   1963195   1988156   1691632   1681800    219887    249322     12588     12998     39088     44036    143851    140057   1555437   1550228    214978    243931     11636     12031     37293     41909
2I 780 28    3700573   1837856   1862717   1589425   1577313    200247    231705     11787     12129     36397     41570    130225    127888   1466223   1456947    195738    226833     10916     11302     34754     39747
2I 780 29    3881644   1928399   1953245   1658195   1645219    217738    248889     12716     13338     39750     45799    136614    133271   1528904   1519869    212921    243796     11834     12442     38126     43867
2I 780 30    3719295   1844488   1874807   1586149   1578166    205658    236263     11980     12686     40701     47692    130424    129468   1462639   1456426    201166    231364     11212     11879     39047     45670
2I 780 31    3634043   1794918   1839125   1554935   1560174    189174    220703     11128     11748     39681     46500    119203    120338   1442093   1447030    185156    216182     10407     11011     38059     44564
2I 780 32    3635579   1796718   1838861   1566572   1572378    181065    210757     10883     11403     38198     44323    116315    118351   1456330   1460877    177237    206428     10187     10704     36649     42501
2I 780 33    3858613   1905234   1953379   1686341   1697351    170656    200951     10496     11037     37741     44040    110362    113239   1581731   1590731    167170    196950      9794     10310     36177     42149
2I 780 34    2895176   1430137   1465039   1247684   1252109    143608    169195      8916      9125     29929     34610    101157    103564   1151872   1154626    140214    165272      8307      8525     28587     33052
2I 780 35    2902454   1430371   1472083   1246508   1256243    143953    171082      8907      9605     31003     35153     95476     97473   1156102   1164552    140728    167392      8349      9023     29716     33643
2I 780 36    2886316   1417849   1468467   1244141   1263369    135385    163026      8749      9369     29574     32703     89075     93729   1159738   1175280    132404    159394      8243      8813     28389     31251
2I 780 37    3056102   1501175   1554927   1323532   1346682    140235    167897      8388      8772     29020     31576     85715     91361   1242230   1260718    137419    164282      7908      8275     27903     30291
2I 780 38    2637757   1293432   1344325   1135764   1157420    123475    150223      7717      8063     26476     28619     78258     82628   1061530   1079638    120881    147052      7289      7599     25474     27408
2I 780 39    2594105   1274861   1319244   1111010   1128740    128879    154242      7902      7887     27070     28375     79399     82337   1035917   1051264    126072    150999      7449      7442     26024     27202
2I 780 40    2488764   1219779   1268985   1060650   1082594    125380    151219      7741      8108     26008     27064     78592     81727    986391   1005828    122479    147889      7335      7646     24982     25895
2I 780 41    2370894   1162220   1208674   1016965   1039112    114299    137697      7072      7375     23884     24490     71913     76032    948955    967640    111753    134589      6699      6963     22900     23450
2I 780 42    2348217   1150723   1197494   1007329   1029322    113592    137447      6810      7082     22992     23643     70214     74022    940835    959622    111171    134455      6448      6705     22055     22690
2I 780 43    2262250   1104484   1157766    966913    996037    109154    131972      6484      6866     21933     22891     66943     71711    903576    928363    106737    129216      6156      6501     21072     21975
2I 780 44    2258372   1101925   1156447    963769    993475    111016    134127      6183      6711     20957     22134     66291     70801    901040    926769    108595    131219      5870      6378     20129     21280
2I 780 45    2208880   1078175   1130705    944017    973188    108369    129932      6259      6376     19530     21209     65314     68994    882149    908022    105976    127225      5945      6031     18791     20433
2I 780 46    2177433   1059328   1118105    932351    963407    103012    127560      5780      6131     18185     21007     61503     65661    873968    901487    100860    124873      5484      5799     17513     20285
2I 780 47    2209363   1071786   1137577    939322    979095    108745    131032      5770      6300     17949     21150     60126     65489    882501    917326    106434    128351      5468      5974     17257     20437
2I 780 48    2147214   1043934   1103280    927513    961723     95181    116672      5095      5602     16145     19283     57509     60319    872719    904417     93267    114502      4852      5336     15587     18706
2I 780 49    2305150   1117992   1187158    992269   1035133    103611    125653      5338      5998     16774     20374     61197     64976    934028    973587    101513    123191      5081      5693     16173     19711
2I 780 50    2342739   1130320   1212419   1002429   1055613    106497    130875      5399      5892     15995     20039     60689     65940    944687    993197    104402    128329      5114      5584     15428     19369
2I 780 51    2291497   1106597   1184900    988061   1038524     98296    122097      5129      5448     15111     18831     56970     61456    933696    980400     96459    119668      4865      5167     14607     18209
2I 780 52    2345539   1128210   1217329   1007268   1068456    101103    124992      5043      5381     14796     18500     54904     58990    955009   1012668     99208    122646      4786      5114     14303     17911
2I 780 53    2348856   1127032   1221824   1009242   1076455     98867    122474      4790      5154     14133     17741     52313     57238    959460   1022317     97048    120221      4545      4888     13666     17160
2I 780 54    2366084   1124155   1241929   1002673   1092328    102613    127087      4798      5020     14071     17494     51088     56137    954087   1039297    100813    124862      4561      4747     13606     16886
2I 780 55    2368641   1119824   1248817   1002048   1104797     99156    122539      4704      5180     13916     16301     48671     54079    955801   1053598     97421    120451      4452      4928     13479     15761
2I 780 56    2338526   1106424   1232102    993982   1096141     94839    115698      4379      4960     13224     15303     47107     50194    949043   1048684     93277    113688      4156      4729     12841     14807
2I 780 57    2326922   1098356   1228566    983381   1090521     97225    118514      4456      4787     13294     14744     45276     48573    940302   1044753     95600    116483      4248      4539     12930     14218
2I 780 58    2301292   1084688   1216604    977671   1088778     90210    109682      4221      4418     12586     13726     42040     45567    937596   1045679     88768    107814      4031      4227     12253     13317
2I 780 59    2276001   1068621   1207380    964945   1081681     87980    108037      3904      4298     11792     13364     38922     43829    927875   1040258     86637    106256      3717      4098     11470     12939
2I 780 60    2183156   1021278   1161878    915014   1031987     91205    112804      3855      4215     11204     12872     37181     41825    879815    992693     89723    110914      3681      4023     10878     12423
2I 780 61    2083512    969148   1114364    875539    999124     80356     99937      3376      3754      9877     11549     31939     37253    845239    963975     79137     98356      3230      3600      9603     11180
2I 780 62    2001102    927024   1074078    839440    964556     74953     94925      3159      3544      9472     11053     29347     34644    811636    931888     73832     93453      3015      3395      9194     10698
2I 780 63    1951935    900452   1051483    818075    946687     70581     91049      2931      3317      8865     10430     26909     32592    792668    916029     69518     89623      2778      3167      8579     10072
2I 780 64    1922963    879452   1043511    797367    938947     70410     90844      2920      3291      8755     10429     26087     31893    772661    908849     69414     89498      2782      3158      8508     10113
2I 780 65    1903573    862694   1040879    777337    930566     73905     96784      2762      3528      8690     10001     25877     32369    752884    900186     72859     95293      2667      3383      8407      9648
2I 780 66    1819049    816708   1002341    738618    900124     67312     89840      2532      3254      8246      9123     24637     31238    715291    870711     66420     88476      2441      3124      7919      8792
2I 780 67    1770190    787301    982889    708827    879705     67482     91110      2631      3203      8361      8871     23487     30384    686710    851104     66574     89763      2521      3079      8009      8559
2I 780 68    1686029    743285    942744    672734    850443     60106     81530      2478      2844      7967      7927     22059     28447    651971    823604     59289     80345      2368      2719      7598      7629
2I 780 69    1630638    705800    924838    631260    825779     64049     88508      2539      2799      7952      7752     21398     28336    611341    799004     63139     87335      2401      2689      7521      7474
2I 780 70    1526318    657413    868905    591098    781822     56787     77832      2098      2535      7430      6716     19644     25465    572656    757779     56080     76728      2009      2438      7024      6495
2I 780 71    1448682    615889    832793    557836    756174     49264     67977      1876      2401      6913      6241     18087     23501    540787    733918     48683     67050      1802      2298      6530      6026
2I 780 72    1378688    579817    798871    524652    724913     46861     66035      1800      2201      6504      5722     17352     22109    508321    703908     46286     65211      1726      2113      6132      5530
2I 780 73    1270301    524287    746014    475920    678553     40918     60053      1602      2056      5847      5352     15883     20533    460960    658995     40414     59298      1533      1987      5497      5201
2I 780 74    1217246    494175    723071    444911    655022     42036     60862      1559      2017      5669      5170     15294     19792    430509    636219     41517     60106      1499      1945      5356      5009
2I 780 75    1125614    450828    674786    406989    612819     37308     55295      1487      1812      5044      4860     14127     18596    393663    595057     36862     54671      1415      1741      4761      4721
2I 780 76    1042364    407457    634907    367527    577032     34001     51676      1376      1688      4553      4511     12976     16956    355281    560828     33577     51106      1314      1618      4309      4399
2I 780 77     962627    368217    594410    332125    540869     30735     47806      1240      1556      4117      4179     11882     15346    320914    526298     30327     47206      1187      1493      3907      4067
2I 780 78     886038    333174    552864    300869    504121     27546     43472      1101      1423      3658      3848     10389     13529    291042    491204     27225     42986      1052      1378      3466      3767
2I 780 79     813189    302394    510795    273709    467052     24493     38952       963      1311      3229      3480     10532     14422    263755    453305     24157     38416       914      1260      3036      3392
2I 780 80     727858    262589    465269    236967    425524     22018     35374       840      1115      2764      3256      8196     11170    229237    414850     21733     34986       805      1073      2618      3190
2I 780 81     644883    225823    419060    207640    389680     15256     25647       686       927      2241      2806      6204      8662    201746    381360     15088     25382       659       896      2126      2760
2I 780 82     570588    198428    372160    182205    345705     13927     23219       533       805      1763      2431      5083      7282    177341    338754     13797     22954       515       777      1692      2393
2I 780 83     531612    180549    351063    165815    326254     12758     21882       464       726      1512      2201      4600      6871    161467    319704     12594     21629       446       697      1442      2162
2I 780 84     480338    158816    321522    145445    298005     11698     20689       381       709      1292      2119      4199      6485    141486    291795     11542     20474       366       685      1223      2083
2I 780 85     419367    137321    282046    125083    260913     10708     18775       435       648      1095      1710      3766      5538    121538    255622     10560     18577       416       625      1041      1684
2I 780 86     367930    118289    249641    108042    230817      9056     16741       354       593       837      1490      3268      4855    104964    226191      8921     16558       336       572       800      1465
2I 780 87     314504     98712    215792     90373    199666      7353     14346       298       505       688      1275      2725      4213     87802    195654      7243     14187       285       485       657      1253
2I 780 88     262747     80441    182306     73700    168863      5917     11972       248       421       576      1050      2222      3556     71603    165471      5826     11842       236       404       554      1033
2I 780 89     215686     64320    151366     58870    140251      4722      9911       216       338       512       866      1772      2949     57196    137436      4653      9805       207       327       492       849
2I 780 90     173339     50336    123003     46034    114025      3647      7999       196       276       459       703      1377      2391     44726    111739      3602      7913       189       268       442       692
2I 780 91     136979     38902     98077     35447     90843      2878      6447       171       219       406       568      1065      1906     34441     89022      2840      6376       165       213       391       560
2I 780 92     106240     29572     76668     26837     70899      2287      5150       134       173       314       446       807      1491     26077     69475      2254      5096       131       167       303       439
2I 780 93      80679     21862     58817     19772     54259      1776      4100        91       126       223       332       595      1143     19212     53172      1752      4054        89       122       214       326
2I 780 94      60004     15758     44246     14191     40687      1357      3225        60        92       150       242       429       854     13791     39874      1340      3190        56        89       142       239
2I 780 95      43419     11106     32313      9897     29597      1068      2477        39        67       102       172       300       628      9616     29003      1054      2448        37        65        99       169
2I 780 96      30642      7690     22952      6724     20895       854      1878        35        54        77       125       205       440      6534     20480       843      1858        34        51        74       123
2I 780 97      21110      5205     15905      4471     14363       668      1421        19        32        47        89       136       307      4345     14076       661      1405        18        31        45        86
2I 780 98      14234      3485     10749      2943      9598       500      1057        14        26        28        68        97       207      2857      9405       493      1045        13        25        25        67
2I 780 99       9652      2409      7243      2011      6367       368       797         7        23        23        56        67       140      1950      6237       363       790         7        22        22        54
2I 780100      15099      3244     11855      2480     10081       675      1671        25        28        64        75        85       234      2408      9871       666      1652        24        26        61        72
2I1080999  227924215 110746612 117177603  95403240 100249636  12708465  14175778    714813    730933   1920094   2021256   7523449   7537254  88291303  93144559  12433656  13882971    665068    681372   1833136   1931447
2I1080  0    3582352   1832733   1749619   1505496   1427131    271876    268910     17138     17022     38223     36556    189254    181490   1326600   1255744    264951    262141     15804     15724     36124     34520
2I1080  1    3360607   1718828   1641779   1413879   1342235    254031    250255     15842     14879     35076     34410    175526    168264   1248304   1183573    247478    243890     14382     13485     33138     32567
2I1080  2    3217219   1645162   1572057   1351190   1282877    244631    240788     15013     14519     34328     33873    164402    157232   1196178   1134691    238498    234832     13620     13188     32464     32114
2I1080  3    3278050   1676853   1601197   1379249   1309325    248351    243424     14918     14569     34335     33879    168846    162649   1219823   1155771    242170    237412     13532     13244     32482     32121
2I1080  4    3136756   1603765   1532991   1316856   1251943    238151    233709     14904     14154     33854     33185    166736    160391   1159245   1100249    232074    227973     13594     12879     32116     31499
2I1080  5    3165127   1620348   1544779   1331869   1262262    240487    235870     14267     13963     33725     32684    162985    156847   1177688   1113596    234586    230501     13070     12790     32019     31045
2I1080  6    3135372   1604583   1530789   1318556   1251087    237417    232942     14091     13784     34519     32976    157451    152086   1169627   1107002    231806    227629     12943     12705     32756     31367
2I1080  7    3228516   1649780   1578736   1350940   1285590    249032    244954     14797     14385     35011     33807    157953    151701   1201643   1142264    243416    239443     13588     13227     33180     32101
2I1080  8    3252989   1663286   1589703   1365633   1296853    248725    245623     14738     14305     34190     32922    154486    147994   1219557   1156985    243319    240329     13541     13159     32383     31236
2I1080  9    3678083   1879373   1798710   1548753   1473442    277776    273965     16034     15780     36810     35523    163026    157678   1394778   1324450    271940    268340     14753     14541     34876     33701
2I1080 10    3763723   1929287   1834436   1603186   1517465    275009    268176     16345     15931     34747     32864    165153    159377   1447281   1366916    268931    262363     15066     14699     32856     31081
2I1080 11    3633852   1854983   1778869   1536215   1466577    268698    264043     15628     15393     34442     32856    153745    149651   1390994   1325257    263027    258545     14454     14215     32763     31201
2I1080 12    3530631   1802276   1728355   1498609   1426383    256094    256180     15632     15111     31941     30681    147565    143734   1359266   1290910    250568    250600     14526     14004     30351     29107
2I1080 13    3609368   1841295   1768073   1524768   1456702    268722    266056     15794     15460     32011     29855    147253    144507   1386032   1320686    262972    260253     14659     14350     30379     28277
2I1080 14    3698791   1888596   1810195   1559800   1487305    280626    277372     16269     15884     31901     29634    151160    147257   1417464   1348774    274643    271361     15107     14765     30222     28038
2I1080 15    3935955   2007402   1928553   1661865   1589275    295715    292125     17397     16794     32425     30359    157929    153307   1513102   1445064    289368    285845     16231     15622     30772     28715
2I1080 16    4148128   2118410   2029718   1762177   1681850    305021    300003     17774     17293     33438     30572    163046    157041   1608612   1534094    298377    293528     16582     16116     31793     28939
2I1080 17    4211267   2156100   2055167   1798265   1707262    305747    299775     17895     16982     34193     31148    169442    159048   1638413   1557449    299098    293410     16664     15790     32483     29470
2I1080 18    4208396   2131276   2077120   1786286   1731266    293561    297831     17090     16505     34339     31518    169501    157416   1626321   1583080    286961    291487     15870     15312     32623     29825
2I1080 19    4474824   2251469   2223355   1897577   1860383    299374    311710     17213     17002     37305     34260    178018    164683   1729637   1705503    292404    304973     15919     15736     35491     32460
2I1080 20    4396659   2205007   2191652   1868522   1837265    283040    303138     16895     16539     36550     34710    179078    164728   1699469   1682283    276187    296460     15619     15333     34654     32848
2I1080 21    4326117   2168481   2157636   1841860   1812107    273758    294524     15853     15520     37010     35485    172724    157944   1678819   1663409    267119    288123     14653     14466     35166     33694
2I1080 22    4249503   2129509   2119994   1819679   1786156    258919    283378     14790     14436     36121     36024    170170    156648   1658798   1638794    252611    277027     13614     13339     34316     34186
2I1080 23    4286351   2141034   2145317   1831860   1807626    258054    284852     14097     13975     37023     38864    169078    157615   1671977   1659323    251838    278572     12926     12850     35215     36957
2I1080 24    4220871   2109009   2111862   1804953   1774985    252071    282098     14621     14941     37364     39838    166510    155868   1647677   1628357    245767    275879     13458     13799     35597     37959
2I1080 25    4141259   2068004   2073255   1774335   1746234    241803    270683     13475     13863     38391     42475    162914    152979   1620450   1602179    235743    264826     12386     12821     36511     40450
2I1080 26    4047933   2016166   2031767   1734604   1714235    230436    261019     11887     12085     39239     44428    153571    145520   1589242   1577330    224995    255458     10955     11162     37403     42297
2I1080 27    3975563   1975943   1999620   1699656   1688679    223456    252744     12534     12934     40297     45263    146751    141965   1560757   1555455    218403    247197     11571     11946     38461     43057
2I1080 28    3750069   1862162   1887907   1609436   1597852    202803    234618     11903     12245     38020     43192    133510    130715   1483194   1474955    198169    229601     10996     11378     36293     41258
2I1080 29    3920060   1949817   1970243   1677132   1659483    219179    250882     12650     13173     40856     46705    138303    134684   1546388   1532837    214236    245686     11737     12280     39153     44756
2I1080 30    3722823   1846939   1875884   1585466   1577296    207507    237349     12447     13221     41519     48018    133419    131588   1459250   1453706    202823    232306     11621     12345     39826     45939
2I1080 31    3651267   1804748   1846519   1560716   1563046    191567    223570     11221     11841     41244     48062    122108    122845   1445153   1447564    187426    218945     10487     11094     39574     46071
2I1080 32    3632817   1793500   1839317   1557713   1565505    185110    216287     10989     11519     39688     46006    117540    119271   1446461   1453278    181145    211832     10269     10799     38085     44137
2I1080 33    3883496   1917313   1966183   1692013   1703410    175158    205470     10669     11302     39473     46001    112670    115356   1585253   1594811    171546    201358      9955     10569     37889     44089
2I1080 34    3102776   1536272   1566504   1347237   1346118    149027    175142      9202      9499     30806     35745    105515    107745   1247305   1244724    145499    171099      8560      8856     29393     34080
2I1080 35    2880583   1418746   1461837   1234989   1246360    143200    169978      8871      9434     31686     36065     96174     98302   1144002   1153942    139901    166200      8291      8844     30378     34549
2I1080 36    2863145   1406493   1456652   1232172   1250371    135140    163045      8942      9674     30239     33562     91332     95057   1145691   1161050    132064    159392      8408      9094     28998     32059
2I1080 37    3081049   1512185   1568864   1331512   1356963    142020    170159      8516      8914     30137     32828     86885     92653   1249201   1269886    139081    166440      8022      8395     28996     31490
2I1080 38    2708603   1330156   1378447   1170984   1190189    124243    150639      7849      8242     27080     29377     80394     84982   1094689   1110171    121631    147383      7400      7765     26042     28146
2I1080 39    2638278   1296439   1341839   1128939   1147420    131666    157018      7974      8040     27860     29361     80102     83124   1053258   1069311    128764    153694      7516      7573     26799     28137
2I1080 40    2510940   1230840   1280100   1070555   1092012    125646    151949      7893      8141     26746     27998     79572     82512    995415   1014504    122710    148597      7454      7675     25689     26812
2I1080 41    2363985   1158995   1204990   1012611   1034282    114936    138071      7153      7555     24295     25082     73625     77276    943020    961678    112267    134907      6777      7127     23306     24002
2I1080 42    2372429   1162694   1209735   1017715   1039881    114424    138421      6904      7156     23651     24277     70842     74737    950713    969601    111929    135336      6531      6764     22679     23297
2I1080 43    2289585   1118369   1171216    977780   1006266    111285    134321      6630      7015     22674     23614     68591     73006    912903    937445    108810    131452      6285      6641     21780     22672
2I1080 44    2252067   1099392   1152675    961279    990193    110439    133322      6274      6757     21400     22403     66628     71174    898317    923160    107943    130416      5953      6409     20551     21516
2I1080 45    2237858   1092484   1145374    954389    983570    111182    133213      6251      6489     20662     22102     65723     69527    892217    918024    108728    130380      5934      6144     19882     21299
2I1080 46    2214386   1077699   1136687    949861    980544    103279    128696      5912      6161     18647     21286     63541     67385    889540    916930    101046    126002      5608      5820     17964     20550
2I1080 47    2194994   1065905   1129089    932817    971046    108778    130240      5839      6325     18471     21478     60478     65607    875702    909270    106432    127477      5531      5991     17762     20744
2I1080 48    2129959   1035896   1094063    919132    952505     95158    116295      5175      5692     16431     19571     57577     60969    864395    894662     93165    114057      4917      5413     15842     18962
2I1080 49    2288173   1110107   1178066    983778   1025430    103815    125878      5350      5994     17164     20764     61029     64207    925720    964600    101700    123452      5092      5695     16566     20112
2I1080 50    2337787   1125893   1211894    997604   1054503    106493    130981      5403      5996     16393     20414     61204     66629    939454    991505    104314    128359      5117      5676     15804     19725
2I1080 51    2287216   1106960   1180256    988075   1033767     98267    121896      5198      5492     15420     19101     57989     62419    932778    974708     96373    119464      4919      5206     14901     18459
2I1080 52    2327355   1119389   1207966    998237   1058860    100994    124763      5068      5430     15090     18913     55421     59626    945499   1002547     99070    122338      4807      5154     14592     18301
2I1080 53    2359717   1134362   1225355   1016197   1079639     98954    122417      4838      5215     14373     18084     53502     57978    965284   1024792     97097    120140      4586      4947     13893     17498
2I1080 54    2363868   1123209   1240659   1001319   1090503    102779    127161      4816      5087     14295     17908     51371     56855    952512   1036850    100931    124865      4573      4808     13822     17281
2I1080 55    2346557   1109255   1237302    991121   1092692     99296    122685      4744      5127     14094     16798     49117     54508    944460   1041151     97544    120558      4494      4861     13640     16224
2I1080 56    2346687   1110127   1236560    997436   1099971     94910    115897      4386      5038     13395     15654     47546     51391    952125   1051344     93310    113876      4153      4803     12993     15146
2I1080 57    2340605   1104849   1235756    989375   1096920     97437    118826      4473      4843     13564     15167     46211     49183    945395   1050606     95802    116742      4259      4594     13182     14631
2I1080 58    2271975   1069566   1202409    962070   1073887     90357    109942      4287      4482     12852     14098     42352     46028    921763   1030429     88856    108041      4090      4271     12505     13640
2I1080 59    2299368   1079213   1220155    974718   1093384     88385    108638      3983      4347     12127     13786     40059     44660    936544   1051161     87022    106815      3793      4153     11795     13366
2I1080 60    2204755   1032293   1172462    925413   1041661     91398    113194      3893      4284     11589     13323     37545     42441    889864   1001807     89924    111282      3708      4077     11252     12855
2I1080 61    2092745    974293   1118452    879982   1002221     80662    100508      3469      3815     10180     11908     33500     38552    848195    965872     79392     98860      3318      3657      9888     11511
2I1080 62    1994036    923160   1070876    834923    960426     75284     95437      3205      3588      9748     11425     29297     34746    807174    927684     74156     93946      3066      3440      9467     11060
2I1080 63    1971828    911571   1060257    828821    954967     70736     91220      2956      3347      9058     10723     27932     33401    802409    923523     69655     89779      2805      3198      8770     10356
2I1080 64    1932398    882879   1049519    800472    944477     70509     90981      2926      3321      8972     10740     26108     32182    775799    914165     69490     89594      2782      3181      8700     10397
2I1080 65    1902226    863003   1039223    777211    928436     74148     96924      2814      3473      8830     10390     25997     32292    752653    898122     73091     95436      2706      3330      8556     10043
2I1080 66    1823669    818799   1004870    740578    902291     67259     89854      2541      3320      8421      9405     24821     31561    717093    872613     66335     88457      2452      3186      8098      9053
2I1080 67    1776492    790140    986352    711501    882717     67455     91222      2630      3227      8554      9186     23754     30688    689118    853851     66548     89854      2520      3097      8200      8862
2I1080 68    1692931    746272    946659    675381    853632     60267     81932      2504      2899      8120      8196     22267     28925    654416    826347     59441     80721      2393      2778      7755      7888
2I1080 69    1639550    709699    929851    634824    830143     64196     88830      2537      2836      8142      8042     21459     28410    614848    803381     63276     87602      2405      2716      7711      7742
2I1080 70    1535680    661447    874233    594727    786190     57052     78474      2185      2562      7483      7007     20030     26237    575983    761368     56292     77392      2078      2464      7064      6772
2I1080 71    1457693    619783    837910    561365    760428     49510     68605      1875      2441      7033      6436     18344     23874    544072    737851     48925     67631      1798      2337      6644      6217
2I1080 72    1386256    583029    803227    527550    728565     47028     66522      1816      2240      6635      5900     17422     22429    511172    707286     46442     65672      1738      2146      6255      5694
2I1080 73    1278771    527892    750879    479230    682834     41083     60442      1621      2095      5958      5508     16077     20771    464088    663060     40569     59689      1551      2017      5607      5342
2I1080 74    1226127    497870    728257    448348    659768     42169     61126      1570      2048      5783      5315     15356     20051    433917    640732     41636     60344      1507      1975      5454      5155
2I1080 75    1134586    454580    680006    410407    617503     37526     55678      1479      1867      5168      4958     14339     18820    396880    599559     37064     55029      1415      1793      4882      4805
2I1080 76    1050680    410951    639729    370688    581371     34222     52019      1404      1713      4637      4626     13098     17380    358348    564761     33788     51443      1333      1636      4384      4509
2I1080 77     970168    371255    598913    334853    544883     30950     48181      1262      1584      4190      4265     12054     15653    323490    530000     30531     47593      1208      1518      3972      4149
2I1080 78     892431    335671    556760    303141    507607     27701     43790      1111      1446      3718      3917     10622     13840    293104    494433     27356     43269      1062      1393      3527      3825
2I1080 79     818909    304444    514465    275504    470190     24675     39398       978      1329      3287      3548     10295     13944    265778    456885     24350     38893       928      1279      3093      3464
2I1080 80     732874    264423    468451    238642    428349     22136     35676       847      1160      2798      3266      8804     12254    230348    416666     21818     35230       809      1112      2644      3189
2I1080 81     649759    227626    422133    209275    392423     15367     25930       697       929      2287      2851      6413      8882    203192    383881     15183     25670       670       898      2168      2802
2I1080 82     574982    199962    375020    183591    348259     14032     23493       537       811      1802      2457      5217      7443    178608    341147     13896     23229       518       782      1723      2419
2I1080 83     535313    181765    353548    166897    328450     12853     22128       468       739      1547      2231      4629      6898    162505    321881     12696     21867       451       709      1484      2193
2I1080 84     483694    159802    323892    146289    300081     11802     20948       393       714      1318      2149      4222      6530    142335    293847     11624     20718       376       687      1245      2110
2I1080 85     419881    136619    283262    124389    262206     10617     18688       428       637      1185      1731      3754      5646    120873    256803     10460     18494       409       614      1123      1705
2I1080 86     370484    118942    251542    108535    232601      9211     16847       366       602       830      1492      3326      4882    105421    227949      9056     16664       347       581       792      1466
2I1080 87     317643     99493    218150     91020    201789      7490     14554       297       520       686      1287      2776      4275     88421    197723      7361     14390       283       497       652      1265
2I1080 88     265955     81297    184658     74477    171007      6011     12171       249       431       560      1049      2280      3605     72338    167566      5903     12039       237       414       539      1034
2I1080 89     219634     65434    154200     59847    142774      4872     10191       219       354       496       881      1821      3005     58138    139906      4790     10085       209       341       476       863
2I1080 90     176048     51026    125022     46690    115894      3698      8135       191       283       447       710      1399      2437     45359    113568      3654      8047       184       273       430       697
2I1080 91     139320     39402     99918     35959     92583      2875      6532       167       222       401       581      1083      1952     34934     90716      2840      6460       159       217       386       573
2I1080 92     108499     30116     78383     27369     72501      2296      5240       135       174       316       468       824      1527     26589     71043      2264      5185       132       167       307       461
2I1080 93      82793     22413     60380     20278     55721      1808      4183        95       131       232       345       608      1178     19704     54600      1785      4137        93       127       223       338
2I1080 94      61693     16179     45514     14577     41864      1376      3298        64        96       162       256       448       881     14161     41025      1359      3262        59        93       152       253
2I1080 95      44662     11344     33318     10150     30541      1051      2525        37        72       106       180       309       654      9859     29925      1037      2492        36        70       103       177
2I1080 96      31629      7887     23742      6922     21652       848      1908        39        50        78       132       210       458      6727     21220       838      1888        37        46        75       130
2I1080 97      21907      5374     16533      4631     14956       674      1447        20        37        49        93       138       318      4503     14659       667      1431        19        36        47        89
2I1080 98      14782      3587     11195      3032     10016       508      1079        14        27        33        73       101       213      2944      9817       500      1066        13        26        29        73
2I1080 99       9972      2447      7525      2044      6636       376       811         5        23        22        55        70       147      1980      6500       371       804         5        22        21        52
2I1080100      16021      3511     12510      2691     10655       719      1741        28        32        73        82        97       253      2608     10427       709      1720        27        31        70        79
2I 181999  228445524 111003013 117442511  95567214 100415360  12750305  14222383    721112    737441   1964382   2067327   7607586   7614124  88380299  93242248  12469907  13924370    670133    686746   1875088   1975023
2I 181  0    3591816   1838028   1753788   1510507   1431163    271181    268074     17372     17457     38968     37094    187241    179040   1333403   1262031    264410    261440     16136     16252     36838     35025
2I 181  1    3395961   1737751   1658210   1429059   1355331    256199    252048     16086     15046     36407     35785    179172    172427   1260126   1192793    249458    245511     14582     13604     34413     33875
2I 181  2    3235126   1652637   1582489   1353985   1288844    247509    243555     15365     14714     35778     35376    164744    157299   1198795   1140753    241269    237501     13947     13358     33882     33578
2I 181  3    3287535   1681037   1606498   1383313   1313549    248102    243885     14978     14790     34644     34274    170135    163840   1222815   1159004    241810    237786     13548     13415     32729     32453
2I 181  4    3168907   1621389   1547518   1331062   1263177    240690    236520     15081     14181     34556     33640    168613    162235   1171843   1109927    234460    230539     13726     12893     32747     31924
2I 181  5    3144684   1609359   1535325   1320013   1251857    241128    235979     14289     14024     33929     33465    164356    158243   1164593   1102008    235133    230518     13052     12778     32225     31778
2I 181  6    3162619   1618737   1543882   1331923   1263676    237422    233039     14139     13755     35253     33412    160600    154805   1180080   1116980    231635    227641     12968     12667     33454     31789
2I 181  7    3190654   1631377   1559277   1335772   1269762    245457    241125     14691     14318     35457     34072    157792    152255   1186716   1125936    239805    235600     13465     13143     33599     32343
2I 181  8    3201349   1637309   1564040   1342049   1272708    246045    243359     14776     14361     34439     33612    155571    148502   1195073   1132531    240513    237930     13554     13188     32598     31889
2I 181  9    3591643   1835396   1756247   1509326   1436291    272639    268281     15944     15671     37487     36004    162214    157029   1356159   1287963    266866    262702     14636     14405     35521     34148
2I 181 10    3811494   1952969   1858525   1618786   1533774    281693    274775     16539     16077     35951     33899    167736    161511   1460556   1381297    275455    268819     15238     14835     33984     32063
2I 181 11    3641419   1859814   1781605   1538317   1466602    270237    265599     15776     15565     35484     33839    156342    152224   1390724   1322881    264475    260041     14548     14343     33725     32116
2I 181 12    3559294   1818764   1740530   1512992   1439046    256673    254642     15784     15312     33315     31530    149203    145258   1372140   1302147    251085    249041     14654     14175     31682     29909
2I 181 13    3578709   1825023   1753686   1509984   1442568    266464    264889     15872     15344     32703     30885    147739    144710   1370796   1306411    260716    259064     14723     14220     31049     29281
2I 181 14    3680359   1878094   1802265   1552476   1481676    277004    274507     16134     15974     32480     30108    150922    147547   1410451   1342968    270982    268444     14959     14834     30780     28472
2I 181 15    3864990   1973587   1891403   1629962   1555294    293245    288807     17212     16460     33168     30842    157288    152425   1481909   1411987    286931    282521     16016     15291     31443     29179
2I 181 16    4126551   2104073   2022478   1746802   1672535    305284    301198     17830     17369     34157     31376    163281    157749   1593085   1524219    298570    294648     16636     16165     32501     29697
2I 181 17    4187705   2145426   2042279   1787833   1695366    304645    298213     17953     17102     34995     31598    169227    158982   1628410   1545767    297860    291722     16692     15908     33237     29900
2I 181 18    4192267   2123058   2069209   1776816   1722963    293598    297367     17486     16700     35158     32179    171081    159892   1615368   1572496    286956    290933     16248     15468     33405     30420
2I 181 19    4462956   2246425   2216531   1890261   1852690    300412    311832     17390     17065     38362     34944    179674    165352   1720980   1697302    293255    304977     16053     15800     36463     33100
2I 181 20    4409738   2213483   2196255   1875464   1840694    283490    303499     16976     16702     37553     35360    181071    166480   1704589   1684228    276505    296679     15677     15429     35641     33439
2I 181 21    4322961   2167140   2155821   1840131   1809831    273347    294134     16139     15651     37523     36205    176813    160688   1673392   1658657    266520    287575     14870     14571     35545     34330
2I 181 22    4251216   2130591   2120625   1817153   1783800    261214    285270     15013     14822     37211     36733    172119    157530   1654589   1635720    254662    278791     13841     13726     35380     34858
2I 181 23    4300304   2148839   2151465   1838301   1812063    258804    285718     14148     13934     37586     39750    172890    159989   1674864   1661675    252480    279264     12925     12781     35680     37756
2I 181 24    4258466   2130187   2128279   1821751   1788440    255209    284222     14519     14668     38708     40949    169936    158191   1661358   1639761    248680    277822     13342     13518     36871     38987
2I 181 25    4153092   2072296   2080796   1776402   1750823    243318    272438     14058     14678     38518     42857    166018    155508   1619690   1604580    237074    266345     12900     13554     36614     40809
2I 181 26    4087298   2037327   2049971   1751130   1727566    234075    264767     11860     12015     40262     45623    157844    148561   1601936   1587777    228315    259087     10895     11092     38337     43454
2I 181 27    3998795   1989901   2008894   1709913   1694347    226228    255313     12446     12807     41314     46427    149168    143560   1568788   1559729    221028    249635     11475     11807     39442     44163
2I 181 28    3778933   1875747   1903186   1619609   1609396    204759    236784     12037     12388     39342     44618    136908    133700   1490198   1483830    200000    231617     11099     11474     37542     42565
2I 181 29    3963109   1972560   1990549   1697779   1679084    220317    251234     12583     12993     41881     47238    139907    136286   1565655   1550961    215263    245939     11642     12106     40093     45257
2I 181 30    3732886   1852894   1879992   1588480   1577776    209313    239852     12846     13676     42255     48688    135338    132962   1460583   1453020    204481    234698     11964     12740     40528     46572
2I 181 31    3655644   1807483   1848161   1560648   1561214    193122    225673     11347     11972     42366     49302    124930    125429   1442429   1443304    188864    220954     10598     11208     40662     47266
2I 181 32    3643640   1799617   1844023   1558970   1565894    188576    219416     11104     11639     40967     47074    118648    120174   1446816   1452970    184478    214840     10362     10893     39313     45146
2I 181 33    3757906   1853334   1904572   1630204   1643553    173039    203386     10775     11505     39316     46128    114309    116918   1521937   1533508    169312    199168     10057     10769     37719     44209
2I 181 34    3450300   1711238   1739062   1506854   1502099    161361    188380      9519      9930     33504     38653    109770    111930   1402899   1396789    157699    184217      8845      9244     32025     36882
2I 181 35    2853016   1404600   1448416   1221231   1233351    142278    168952      8888      9300     32203     36813     96788     99287   1129744   1140068    138921    165083      8281      8701     30866     35277
2I 181 36    2867128   1408585   1458543   1231656   1248337    136484    165346      9111      9920     31334     34940     93289     96175   1143389   1157981    133321    161670      8549      9318     30037     33399
2I 181 37    3013842   1478638   1535204   1297367   1322613    141932    170078      8634      9047     30705     33466     87754     93635   1214352   1234713    138871    166280      8127      8505     29534     32071
2I 181 38    2824647   1388245   1436402   1227118   1246280    125380    151509      7998      8434     27749     30179     82428     87304   1148867   1164061    122750    148164      7529      7946     26671     28927
2I 181 39    2680727   1317130   1363597   1146096   1165429    134415    159704      8066      8228     28553     30236     80819     84113   1069805   1086502    131422    156282      7604      7739     27480     28961
2I 181 40    2530525   1240450   1290075   1079334   1100559    125722    152513      8012      8141     27382     28862     79906     82887   1003911   1022709    122792    149152      7544      7670     26297     27657
2I 181 41    2356407   1155415   1200992   1007963   1029331    115536    138370      7234      7726     24682     25565     75071     78360    937037    955732    112764    135169      6852      7279     23691     24452
2I 181 42    2394742   1173676   1221066   1027278   1049685    115150    139309      7016      7252     24232     24820     71406     75441    959849    978848    112571    136131      6627      6842     23223     23804
2I 181 43    2314749   1131129   1183620    987788   1015772    113236    136431      6781      7168     23324     24249     70060     74247    921547    945872    110708    133438      6419      6780     22395     23283
2I 181 44    2245536   1096597   1148939    958636    986930    109834    132573      6378      6803     21749     22633     66877     71487    895523    919623    107271    129673      6046      6437     20880     21719
2I 181 45    2239441   1092776   1146665    953730    984130    111622    133562      6235      6590     21189     22383     65722     69749    891644    918506    109125    130614      5914      6250     20371     21546
2I 181 46    2250692   1095679   1155013    967044    997404    103522    129817      6036      6219     19077     21573     65452     69125    904916    932093    101208    127111      5723      5865     18380     20819
2I 181 47    2180028   1059710   1120318    926077    962763    108790    129434      5909      6334     18934     21787     60801     65574    868675    901098    106424    126622      5591      5988     18219     21036
2I 181 48    2112230   1027611   1084619    910531    943124     95105    115897      5264      5789     16711     19809     57627     61675    855880    884712     93031    113576      4989      5494     16084     19162
2I 181 49    2270519   1101847   1168672    974975   1015485    103973    126091      5395      6015     17504     21081     60731     63517    917236    955313    101838    123685      5133      5718     16909     20439
2I 181 50    2332140   1121083   1211057    992513   1053146    106445    131080      5377      6058     16748     20773     61250     66747    934380    990095    104216    128409      5095      5733     16142     20073
2I 181 51    2282171   1106893   1175278    987744   1028703     98171    121670      5263      5535     15715     19370     58824     63142    931668    968927     96252    119250      4971      5245     15178     18714
2I 181 52    2308561   1110206   1198355    988918   1049057    100819    124528      5104      5486     15365     19284     55817     60288    935810    992195     98887    122024      4832      5199     14860     18649
2I 181 53    2369935   1141312   1228623   1022807   1082564     99035    122360      4892      5273     14578     18426     54627     58656    970819   1027076     97143    120059      4633      5001     14090     17831
2I 181 54    2360948   1121903   1239045    999611   1088386    102941    127219      4837      5180     14514     18260     51551     57460    950698   1034204    101036    124858      4588      4897     14030     17626
2I 181 55    2323912   1098336   1225576    979973   1080424     99367    122798      4773      5059     14223     17295     49417     54693    933032   1028769     97606    120639      4525      4784     13756     16691
2I 181 56    2354097   1113435   1240662   1000623   1103549     94919    116053      4406      5099     13487     15961     47873     52528    955055   1053816     93276    114024      4160      4857     13071     15437
2I 181 57    2353666   1111009   1242657    995105   1103098     97583    119108      4493      4894     13828     15557     47006     49792    950354   1056218     95946    116979      4270      4649     13433     15019
2I 181 58    2242107   1054152   1187955    946285   1058767     90429    110173      4332      4552     13106     14463     42513     46334    905882   1015102     88886    108246      4128      4321     12743     13952
2I 181 59    2322144   1089513   1232631    984255   1104837     88736    109223      4065      4418     12457     14153     41167     45428    945030   1061889     87329    107349      3872      4227     12115     13738
2I 181 60    2225470   1042819   1182651    935436   1051021     91519    113558      3920      4326     11944     13746     37695     42828    899732   1010802     90061    111638      3728      4110     11603     13273
2I 181 61    2101216    979035   1122181    884102   1005009     80897    101046      3554      3875     10482     12251     34986     39791    850907    967518     79574     99339      3395      3707     10173     11826
2I 181 62    1986404    919010   1067394    830211    956080     75541     95931      3268      3646      9990     11737     29275     34851    802500    923271     74402     94416      3129      3494      9704     11362
2I 181 63    1990928    922300   1068628    839265    962903     70815     91361      2983      3385      9237     10979     28908     34167    811891    930712     69724     89910      2832      3232      8945     10607
2I 181 64    1941205    885966   1055239    803301    949736     70544     91105      2936      3372      9185     11026     26178     32532    778619    919161     69494     89670      2784      3221      8891     10655
2I 181 65    1899711    862613   1037098    776596    925861     74264     97080      2856      3403      8897     10754     25964     32075    752072    895746     73208     95601      2734      3262      8635     10414
2I 181 66    1827210    820296   1006914    742055    904026     67109     89862      2552      3375      8580      9651     24931     31750    718494    874200     66143     88445      2468      3236      8260      9283
2I 181 67    1781760    792358    989402    713661    885300     67320     91337      2626      3250      8751      9515     23963     30891    691081    856267     66410     89950      2513      3116      8391      9178
2I 181 68    1698712    748623    950089    677512    856360     60322     82315      2524      2962      8265      8452     22460     29361    656373    828661     59473     81090      2417      2838      7900      8139
2I 181 69    1647409    712944    934465    637886    834082     64212     89183      2522      2876      8324      8324     21429     28364    617927    807456     63290     87893      2396      2749      7902      8003
2I 181 70    1543183    664432    878751    597367    789915     57256     79022      2261      2576      7548      7238     20322     26876    578397    764434     56452     77967      2141      2480      7120      6994
2I 181 71    1465316    622791    842525    564084    764149     49704     69216      1877      2483      7126      6677     18587     24279    546557    741225     49110     68200      1802      2374      6735      6447
2I 181 72    1392288    585319    806969    529621    731636     47133     66981      1820      2280      6745      6072     17431     22664    513244    710165     46541     66101      1742      2184      6361      5855
2I 181 73    1285729    530610    755119    481705    686532     41201     60810      1642      2130      6062      5647     16227     20974    466417    666580     40677     60056      1572      2046      5717      5463
2I 181 74    1233322    500589    732733    450892    663870     42222     61360      1587      2071      5888      5432     15383     20252    436468    644648     41684     60557      1516      2002      5538      5274
2I 181 75    1142002    457436    684566    412981    621562     37705     56033      1466      1912      5284      5059     14488     18956    399317    603516     37225     55362      1407      1838      4999      4894
2I 181 76    1057339    413531    643808    373012    585017     34374     52326      1419      1735      4726      4730     13200     17723    360596    568076     33933     51746      1343      1658      4459      4605
2I 181 77     976116    373405    602711    336749    548228     31110     48529      1285      1605      4261      4349     12166     15924    325286    533063     30686     47952      1227      1540      4040      4232
2I 181 78     897168    337256    559912    304561    510377     27799     44081      1126      1472      3770      3982     10911     14224    294272    496875     27425     43521      1074      1412      3574      3880
2I 181 79     823055    305631    517424    276483    472643     24826     39828       984      1339      3338      3614      9977     13339    267060    459903     24510     39357       936      1291      3148      3534
2I 181 80     736386    265474    470912    239584    430485     22194     35953       851      1198      2845      3276      9281     13164    230841    417952     21860     35456       811      1148      2681      3192
2I 181 81     653189    228695    424494    210204    394456     15451     26212       709       943      2331      2883      6685      9214    203876    385592     15251     25952       675       909      2208      2827
2I 181 82     577974    200779    377195    184295    350145     14097     23742       550       821      1837      2487      5381      7639    179175    342845     13946     23474       530       788      1747      2449
2I 181 83     537355    182204    355151    167250    329796     12903     22352       471       752      1580      2251      4667      6942    162803    323190     12755     22085       456       720      1523      2214
2I 181 84     485528    160097    325431    146476    301346     11869     21176       409       727      1343      2182      4228      6530    142537    295132     11674     20933       391       695      1267      2141
2I 181 85     419081    135353    283728    123177    262763     10483     18585       422       627      1271      1753      3719      5741    119700    257259     10326     18396       403       604      1205      1728
2I 181 86     371535    118958    252577    108435    233553      9321     16929       372       610       830      1485      3370      4923    105299    228868      9149     16741       352       585       788      1460
2I 181 87     319258     99654    219604     91088    203050      7591     14728       296       528       679      1298      2813      4310     88466    198947      7447     14565       282       506       646      1276
2I 181 88     267659     81549    186110     74680    172278      6072     12339       251       443       546      1050      2324      3658     72511    168791      5950     12201       239       424       525      1036
2I 181 89     222108     65971    156137     60289    144448      4988     10443       218       365       476       881      1868      3054     58543    141538      4896     10334       208       349       456       862
2I 181 90     177379     51209    126170     46874    116934      3728      8234       185       286       422       716      1423      2470     45525    114578      3678      8145       178       276       405       701
2I 181 91     140535     39521    101014     36105     93606      2856      6589       165       225       395       594      1101      1989     35060     91704      2821      6517       155       220       384       584
2I 181 92     109718     30310     79408     27569     73440      2288      5307       132       177       321       484       836      1556     26775     71955      2257      5252       129       170       313       475
2I 181 93      84015     22671     61344     20514     56607      1824      4243        99       134       234       360       620      1210     19929     55457      1800      4195        97       129       225       353
2I 181 94      62635     16345     46290     14735     42571      1382      3351        64        99       164       269       459       909     14306     41707      1365      3315        58        96       157       263
2I 181 95      45313     11410     33903     10231     31085      1032      2556        35        72       112       190       312       671      9935     30451      1020      2524        35        70       108       187
2I 181 96      32120      7926     24194      6980     22081       834      1929        37        49        75       135       217       477      6778     21633       825      1905        34        46        72       133
2I 181 97      22323      5432     16891      4689     15288       671      1466        24        42        48        95       141       330      4557     14981       665      1450        23        40        46        90
2I 181 98      15052      3615     11437      3055     10241       509      1088        15        27        36        81       105       219      2963     10037       501      1074        14        26        32        81
2I 181 99      10102      2436      7666      2036      6774       378       820         2        19        20        53        70       155      1973      6630       373       813         2        18        18        50
2I 181100      16480      3620     12860      2783     10930       738      1799        31        39        68        92       109       267      2689     10690       727      1776        30        38        65        89
